A <- 2 * 3 + 1
B <- (12.9 - 4.4) / 2
C <- cierto y no falso
cuenta <- 3 + 5 * -6 + 10 
operacion <- 4.3 + 9 % 2
res <- cierto o (5 >= 10) == falso y (5 <> 5)
_var <- 22*4 <= 100-12 y 5 <> 2*2
2 + 3 * 6
o <- 4 - 3
x <- 10 / (6 - 3*2)
resto <- 6 / 2.0 % 2
abc < - 1+2*3-4/5
_ejemplo <- 4 y 5 <= 10
Salir
